01 00
01 00
0A 4D 55 4C 54 07 00 64 50 07 32 00 00 00 00 00
13 00 7F 06 06 7F 51 00 7F 7F 00 00 7F 00 00 00 7F 7F 00 7F
15 54 49 4D 45 02 13 2F 35 A5 5A A5 01 02 06 09
03 56 45 00 00 00 00 00 00 00 00 00 00 00 00 00
00 16 49 33 B0 95 F0 D9 6B 99 D5 15 F2 90 2F B3 E0
00 73 78 05 CD 90 06 7F 76 62 49 63 89 9C A0 91 10
00 45 D8 80 77 FC 41 4A 3B 5D 6F E1 31 7C 8A 5F 71
00 8E 52 7C DD A8 B4 19 51 9F 01 F9 69 0E D1 8F E9
00 75 73 F1 CD 7E 0F EC EE 5C 5B 32 4E 4C F6 AF 00
03 56 45 01 00 00 00 00 00 00 00 00 00 00 00 00
0E 43 54 00 01 00 00 64 00 64 00 00 00 00 00 00
0F 53 47 4C 53 00 01 64 50 7F 00 00 7F 00 00 32
00 16 49 33 B0 95 F0 D9 6B 99 D5 15 F2 90 2F B3 E0
00 73 78 05 CD 90 06 7F 76 62 49 63 89 9C A0 91 10
00 45 D8 80 77 FC 41 4A 3B 5D 6F E1 31 7C 8A 5F 71
00 8E 52 7C DD A8 B4 19 51 9F 01 F9 69 0E D1 8F E9
00 75 73 F1 CD 7E 0F EC EE 5C 5B 32 4E 4C F6 AF 00
0F 53 47 4C 53 00 01 64 50 06 22 00 06 22 00 32
0F 53 47 4C 53 00 01 64 50 00 00 00 00 00 00 32
0F 53 47 4C 53 00 01 64 50 51 00 69 51 00 69 32
0F 53 47 4C 53 00 01 64 50 46 00 2B 46 00 2B 32
0F 53 47 4C 53 00 01 64 50 7F 04 09 7F 04 09 32
0F 53 47 4C 53 00 01 64 50 7F 2F 2F 7F 2F 2F 32
0F 53 47 4C 53 00 01 64 50 7B 00 56 7B 00 56 32
0F 53 47 4C 53 00 01 64 50 68 00 74 68 00 74 32
0F 53 47 4C 53 00 01 64 50 0E 00 7B 0E 00 7B 32
0F 53 47 4C 53 00 01 64 50 12 5A 7F 12 5A 7F 32
0F 53 47 4C 53 00 01 64 50 04 7F 5E 04 7F 5E 32
0F 53 47 4C 53 00 01 64 50 00 74 0F 00 74 0F 32
0F 53 47 4C 53 00 01 64 50 24 69 00 24 69 00 32
0F 53 47 4C 53 00 01 64 50 50 5B 00 50 5B 00 32
0F 53 47 4C 53 00 01 64 50 32 22 00 32 22 00 32
0F 53 47 4C 53 00 01 64 50 3B 1A 00 3B 1A 00 32
0F 53 47 4C 53 00 01 64 50 70 1F 00 70 1F 00 32
0F 53 47 4C 53 00 01 64 50 46 06 00 46 06 00 32
0F 53 47 4C 53 00 01 64 50 76 00 00 76 00 00 32
0F 53 47 4C 53 00 00 64 50 76 00 00 76 00 00 32
0F 53 47 4C 53 00 01 64 50 76 00 00 76 00 00 32
0F 53 47 4C 53 00 01 64 4E 76 00 00 76 00 00 32
0F 53 47 4C 53 00 01 64 3C 76 00 00 76 00 00 32
0F 53 47 4C 53 00 01 64 2A 76 00 00 76 00 00 32
0F 53 47 4C 53 00 01 64 22 76 00 00 76 00 00 32
0F 53 47 4C 53 00 01 64 21 76 00 00 76 00 00 32
0F 53 47 4C 53 00 01 64 21 7D 00 00 7D 00 00 35
0F 53 47 4C 53 00 01 64 21 89 00 00 89 00 00 3A
0F 53 47 4C 53 00 01 64 21 AD 00 00 AD 00 00 49
0F 53 47 4C 53 00 01 64 21 C2 00 00 C2 00 00 52
0F 53 47 4C 53 00 01 64 21 C2 00 00 C2 00 00 52
0F 53 47 4C 53 00 01 64 21 BB 00 00 BB 00 00 4F
0F 53 47 4C 53 00 01 64 21 C9 00 00 C9 00 00 55
0F 53 47 4C 53 00 01 64 21 CE 00 00 CE 00 00 57
0F 53 47 4C 53 00 01 64 21 9E 00 00 9E 00 00 43
0F 53 47 4C 53 00 01 64 21 6A 00 00 6A 00 00 2D
0F 53 47 4C 53 00 01 64 21 5E 00 00 5E 00 00 28
0F 53 47 4C 53 00 00 64 50 7F 00 00 7F 00 00 32
0A 4D 55 4C 54 07 00 64 50 07 32 00 00 00 00 00
16 00 7F 06 06 7F 51 00 7F 7F 00 00 7F 00 00 00 7F 7F 00 7F 00 2B 66 00 00 00 00 00 00 00 00 00 00 00 00 00 00 00 00 00 00 00 00 00 00 00 00 00 00 00 00 00 00 00 00 00 00 00 00 00 00 00 00 00 00 00 00 00 00 00 00 00 00 00 00 00 00 00 00 00 00 00 00 00 00 00 00 00 00 00 00 00 00 00 00 00 00 00
0A 4D 55 4C 54 07 00 64 50 06 32 00 00 00 00 00
13 00 7F 51 00 7F 7F 00 00 7F 00 00 00 7F 7F 00 7F 00 2B 66 00 00 00 00 00 00 00 00 00 00 00 00 00 00 00 00 00 00 00 00 00 00 00 00 00 00 00 00 00 00 00 00 00 00 00 00 00 00 00 00 00 00 00 00 00 00 00 00 00 00 00 00 00 00 00 00 00 00 00 00 00 00 00 00 00 00 00 00 00 00 00 00 00 00 00 00 00 00
0A 4D 55 4C 54 07 00 64 50 05 32 00 00 00 00 00
10 00 7F 7F 00 00 7F 00 00 00 7F 7F 00 7F 00 2B 66 00 00 00 00 00 00 00 00 00 00 00 00 00 00 00 00 00 00 00 00 00 00 00 00 00 00 00 00 00 00 00 00 00 00 00 00 00 00 00 00 00 00 00 00 00 00 00 00 00 00 00 00 00 00 00 00 00 00 00 00 00 00 00 00 00 00 00 00 00 00 00 00 00 00 00 00 00 00 00 00 00
0A 4D 55 4C 54 07 00 64 50 04 32 00 00 00 00 00
0D 00 00 7F 00 00 00 7F 7F 00 7F 00 2B 66 00 00 00 00 00 00 00 00 00 00 00 00 00 00 00 00 00 00 00 00 00 00 00 00 00 00 00 00 00 00 00 00 00 00 00 00 00 00 00 00 00 00 00 00 00 00 00 00 00 00 00 00 00 00 00 00 00 00 00 00 00 00 00 00 00 00 00 00 00 00 00 00 00 00 00 00 00 00 00 00 00 00 00 00
0A 4D 55 4C 54 07 00 64 50 03 32 00 00 00 00 00
0A 00 00 00 7F 7F 00 7F 00 2B 66 00 00 00 00 00 00 00 00 00 00 00 00 00 00 00 00 00 00 00 00 00 00 00 00 00 00 00 00 00 00 00 00 00 00 00 00 00 00 00 00 00 00 00 00 00 00 00 00 00 00 00 00 00 00 00 00 00 00 00 00 00 00 00 00 00 00 00 00 00 00 00 00 00 00 00 00 00 00 00 00 00 00 00 00 00 00 00
0A 4D 55 4C 54 07 00 64 50 02 32 00 00 00 00 00
07 00 7F 00 7F 00 2B 66 00 00 00 00 00 00 00 00 00 00 00 00 00 00 00 00 00 00 00 00 00 00 00 00 00 00 00 00 00 00 00 00 00 00 00 00 00 00 00 00 00 00 00 00 00 00 00 00 00 00 00 00 00 00 00 00 00 00 00 00 00 00 00 00 00 00 00 00 00 00 00 00 00 00 00 00 00 00 00 00 00 00 00 00 00 00 00 00 00 00
0A 4D 55 4C 54 07 00 64 50 02 32 00 00 00 00 00
07 00 7F 00 7F 00 2B 66 00 00 00 00 00 00 00 00 00 00 00 00 00 00 00 00 00 00 00 00 00 00 00 00 00 00 00 00 00 00 00 00 00 00 00 00 00 00 00 00 00 00 00 00 00 00 00 00 00 00 00 00 00 00 00 00 00 00 00 00 00 00 00 00 00 00 00 00 00 00 00 00 00 00 00 00 00 00 00 00 00 00 00 00 00 00 00 00 00 00
0A 4D 55 4C 54 07 00 64 50 02 32 00 00 00 00 00
07 00 7F 00 7F 00 2B 66 00 00 00 00 00 00 00 00 00 00 00 00 00 00 00 00 00 00 00 00 00 00 00 00 00 00 00 00 00 00 00 00 00 00 00 00 00 00 00 00 00 00 00 00 00 00 00 00 00 00 00 00 00 00 00 00 00 00 00 00 00 00 00 00 00 00 00 00 00 00 00 00 00 00 00 00 00 00 00 00 00 00 00 00 00 00 00 00 00 00
0A 4D 55 4C 54 07 00 64 50 02 32 00 00 00 00 00
07 00 7F 00 7F 00 2B 66 00 00 00 00 00 00 00 00 00 00 00 00 00 00 00 00 00 00 00 00 00 00 00 00 00 00 00 00 00 00 00 00 00 00 00 00 00 00 00 00 00 00 00 00 00 00 00 00 00 00 00 00 00 00 00 00 00 00 00 00 00 00 00 00 00 00 00 00 00 00 00 00 00 00 00 00 00 00 00 00 00 00 00 00 00 00 00 00 00 00
0A 4D 55 4C 54 07 00 64 50 02 32 00 00 00 00 00
07 00 7F 00 7F 00 2B 66 00 00 00 00 00 00 00 00 00 00 00 00 00 00 00 00 00 00 00 00 00 00 00 00 00 00 00 00 00 00 00 00 00 00 00 00 00 00 00 00 00 00 00 00 00 00 00 00 00 00 00 00 00 00 00 00 00 00 00 00 00 00 00 00 00 00 00 00 00 00 00 00 00 00 00 00 00 00 00 00 00 00 00 00 00 00 00 00 00 00
0A 4D 55 4C 54 07 00 64 50 02 32 00 00 00 00 00
07 00 7F 00 7F 00 2B 66 00 00 00 00 00 00 00 00 00 00 00 00 00 00 00 00 00 00 00 00 00 00 00 00 00 00 00 00 00 00 00 00 00 00 00 00 00 00 00 00 00 00 00 00 00 00 00 00 00 00 00 00 00 00 00 00 00 00 00 00 00 00 00 00 00 00 00 00 00 00 00 00 00 00 00 00 00 00 00 00 00 00 00 00 00 00 00 00 00 00
0A 4D 55 4C 54 07 00 64 50 03 32 00 00 00 00 00
0A 00 7F 00 7F 00 2B 66 00 2B 66 00 00 00 00 00 00 00 00 00 00 00 00 00 00 00 00 00 00 00 00 00 00 00 00 00 00 00 00 00 00 00 00 00 00 00 00 00 00 00 00 00 00 00 00 00 00 00 00 00 00 00 00 00 00 00 00 00 00 00 00 00 00 00 00 00 00 00 00 00 00 00 00 00 00 00 00 00 00 00 00 00 00 00 00 00 00 00
0A 4D 55 4C 54 07 00 64 50 03 32 00 00 00 00 00
0A 00 7F 00 7F 00 2B 66 7F 12 12 00 00 00 00 00 00 00 00 00 00 00 00 00 00 00 00 00 00 00 00 00 00 00 00 00 00 00 00 00 00 00 00 00 00 00 00 00 00 00 00 00 00 00 00 00 00 00 00 00 00 00 00 00 00 00 00 00 00 00 00 00 00 00 00 00 00 00 00 00 00 00 00 00 00 00 00 00 00 00 00 00 00 00 00 00 00 00
0A 4D 55 4C 54 07 00 64 50 04 32 00 00 00 00 00
0D 00 7F 00 7F 00 2B 66 7F 12 12 7F 12 12 00 00 00 00 00 00 00 00 00 00 00 00 00 00 00 00 00 00 00 00 00 00 00 00 00 00 00 00 00 00 00 00 00 00 00 00 00 00 00 00 00 00 00 00 00 00 00 00 00 00 00 00 00 00 00 00 00 00 00 00 00 00 00 00 00 00 00 00 00 00 00 00 00 00 00 00 00 00 00 00 00 00 00 00
0A 4D 55 4C 54 07 00 64 50 04 32 00 00 00 00 00
0D 00 7F 00 7F 00 2B 66 7F 12 12 13 6B 00 00 00 00 00 00 00 00 00 00 00 00 00 00 00 00 00 00 00 00 00 00 00 00 00 00 00 00 00 00 00 00 00 00 00 00 00 00 00 00 00 00 00 00 00 00 00 00 00 00 00 00 00 00 00 00 00 00 00 00 00 00 00 00 00 00 00 00 00 00 00 00 00 00 00 00 00 00 00 00 00 00 00 00 00
0A 4D 55 4C 54 07 00 64 50 04 32 00 00 00 00 00
0D 00 7F 00 7F 00 2B 66 7F 12 12 00 08 6D 00 00 00 00 00 00 00 00 00 00 00 00 00 00 00 00 00 00 00 00 00 00 00 00 00 00 00 00 00 00 00 00 00 00 00 00 00 00 00 00 00 00 00 00 00 00 00 00 00 00 00 00 00 00 00 00 00 00 00 00 00 00 00 00 00 00 00 00 00 00 00 00 00 00 00 00 00 00 00 00 00 00 00 00
0A 4D 55 4C 54 07 00 64 50 04 32 00 00 00 00 00
0D 00 7F 00 7F 00 2B 66 7F 12 12 00 2D 04 00 00 00 00 00 00 00 00 00 00 00 00 00 00 00 00 00 00 00 00 00 00 00 00 00 00 00 00 00 00 00 00 00 00 00 00 00 00 00 00 00 00 00 00 00 00 00 00 00 00 00 00 00 00 00 00 00 00 00 00 00 00 00 00 00 00 00 00 00 00 00 00 00 00 00 00 00 00 00 00 00 00 00 00
0A 4D 55 4C 54 07 00 64 50 04 32 00 00 00 00 00
0A 4D 55 4C 54 07 00 64 50 05 32 00 00 00 00 00
10 00 7F 00 7F 00 2B 66 7F 12 12 18 7F 04 18 7F 04 00 00 00 00 00 00 00 00 00 00 00 00 00 00 00 00 00 00 00 00 00 00 00 00 00 00 00 00 00 00 00 00 00 00 00 00 00 00 00 00 00 00 00 00 00 00 00 00 00 00 00 00 00 00 00 00 00 00 00 00 00 00 00 00 00 00 00 00 00 00 00 00 00 00 00 00 00 00 00 00 00
10 00 7F 00 7F 00 2B 66 7F 12 12 18 7F 04 18 7F 04 00 00 00 00 00 00 00 00 00 00 00 00 00 00 00 00 00 00 00 00 00 00 00 00 00 00 00 00 00 00 00 00 00 00 00 00 00 00 00 00 00 00 00 00 00 00 00 00 00 00 00 00 00 00 00 00 00 00 00 00 00 00 00 00 00 00 00 00 00 00 00 00 00 00 00 00 00 00 00 00 00
0A 4D 55 4C 54 07 00 64 50 05 32 00 00 00 00 00
10 00 7F 00 7F 00 2B 66 7F 12 12 18 7F 04 02 21 7F 00 00 00 00 00 00 00 00 00 00 00 00 00 00 00 00 00 00 00 00 00 00 00 00 00 00 00 00 00 00 00 00 00 00 00 00 00 00 00 00 00 00 00 00 00 00 00 00 00 00 00 00 00 00 00 00 00 00 00 00 00 00 00 00 00 00 00 00 00 00 00 00 00 00 00 00 00 00 00 00 00
0A 4D 55 4C 54 07 00 64 50 05 32 00 00 00 00 00
10 00 7F 0F 0F 00 2B 66 7F 12 12 18 7F 04 02 21 7F 00 00 00 00 00 00 00 00 00 00 00 00 00 00 00 00 00 00 00 00 00 00 00 00 00 00 00 00 00 00 00 00 00 00 00 00 00 00 00 00 00 00 00 00 00 00 00 00 00 00 00 00 00 00 00 00 00 00 00 00 00 00 00 00 00 00 00 00 00 00 00 00 00 00 00 00 00 00 00 00 00
0A 4D 55 4C 54 07 00 64 47 05 32 00 00 00 00 00
10 00 7F 0F 0F 00 2B 66 7F 12 12 18 7F 04 02 21 7F 00 00 00 00 00 00 00 00 00 00 00 00 00 00 00 00 00 00 00 00 00 00 00 00 00 00 00 00 00 00 00 00 00 00 00 00 00 00 00 00 00 00 00 00 00 00 00 00 00 00 00 00 00 00 00 00 00 00 00 00 00 00 00 00 00 00 00 00 00 00 00 00 00 00 00 00 00 00 00 00 00
0A 4D 55 4C 54 07 00 64 36 05 32 00 00 00 00 00
10 00 7F 0F 0F 00 2B 66 7F 12 12 18 7F 04 02 21 7F 00 00 00 00 00 00 00 00 00 00 00 00 00 00 00 00 00 00 00 00 00 00 00 00 00 00 00 00 00 00 00 00 00 00 00 00 00 00 00 00 00 00 00 00 00 00 00 00 00 00 00 00 00 00 00 00 00 00 00 00 00 00 00 00 00 00 00 00 00 00 00 00 00 00 00 00 00 00 00 00 00
0A 4D 55 4C 54 07 00 64 23 05 32 00 00 00 00 00
10 00 7F 0F 0F 00 2B 66 7F 12 12 18 7F 04 02 21 7F 00 00 00 00 00 00 00 00 00 00 00 00 00 00 00 00 00 00 00 00 00 00 00 00 00 00 00 00 00 00 00 00 00 00 00 00 00 00 00 00 00 00 00 00 00 00 00 00 00 00 00 00 00 00 00 00 00 00 00 00 00 00 00 00 00 00 00 00 00 00 00 00 00 00 00 00 00 00 00 00 00
0A 4D 55 4C 54 07 00 64 18 05 32 00 00 00 00 00
10 00 7F 0F 0F 00 2B 66 7F 12 12 18 7F 04 02 21 7F 00 00 00 00 00 00 00 00 00 00 00 00 00 00 00 00 00 00 00 00 00 00 00 00 00 00 00 00 00 00 00 00 00 00 00 00 00 00 00 00 00 00 00 00 00 00 00 00 00 00 00 00 00 00 00 00 00 00 00 00 00 00 00 00 00 00 00 00 00 00 00 00 00 00 00 00 00 00 00 00 00
0A 4D 55 4C 54 07 00 64 12 05 32 00 00 00 00 00
10 00 7F 0F 0F 00 2B 66 7F 12 12 18 7F 04 02 21 7F 00 00 00 00 00 00 00 00 00 00 00 00 00 00 00 00 00 00 00 00 00 00 00 00 00 00 00 00 00 00 00 00 00 00 00 00 00 00 00 00 00 00 00 00 00 00 00 00 00 00 00 00 00 00 00 00 00 00 00 00 00 00 00 00 00 00 00 00 00 00 00 00 00 00 00 00 00 00 00 00 00
0A 4D 55 4C 54 07 00 64 11 05 32 00 00 00 00 00
10 00 7F 0F 0F 00 2B 66 7F 12 12 18 7F 04 02 21 7F 00 00 00 00 00 00 00 00 00 00 00 00 00 00 00 00 00 00 00 00 00 00 00 00 00 00 00 00 00 00 00 00 00 00 00 00 00 00 00 00 00 00 00 00 00 00 00 00 00 00 00 00 00 00 00 00 00 00 00 00 00 00 00 00 00 00 00 00 00 00 00 00 00 00 00 00 00 00 00 00 00
0A 4D 55 4C 54 07 00 64 11 05 2E 00 00 00 00 00
10 00 75 0E 0E 00 28 5E 75 10 10 16 75 04 01 1E 75 00 00 00 00 00 00 00 00 00 00 00 00 00 00 00 00 00 00 00 00 00 00 00 00 00 00 00 00 00 00 00 00 00 00 00 00 00 00 00 00 00 00 00 00 00 00 00 00 00 00 00 00 00 00 00 00 00 00 00 00 00 00 00 00 00 00 00 00 00 00 00 00 00 00 00 00 00 00 00 00 00
0A 4D 55 4C 54 07 00 64 11 05 24 00 00 00 00 00
10 00 5B 0B 0B 00 1F 49 5B 0C 0C 11 5B 03 01 18 5B 00 00 00 00 00 00 00 00 00 00 00 00 00 00 00 00 00 00 00 00 00 00 00 00 00 00 00 00 00 00 00 00 00 00 00 00 00 00 00 00 00 00 00 00 00 00 00 00 00 00 00 00 00 00 00 00 00 00 00 00 00 00 00 00 00 00 00 00 00 00 00 00 00 00 00 00 00 00 00 00 00
0A 4D 55 4C 54 07 00 64 11 05 1A 00 00 00 00 00
0A 4D 55 4C 54 07 00 64 11 05 16 00 00 00 00 00
0A 4D 55 4C 54 07 00 64 11 05 13 00 00 00 00 00
10 00 30 05 05 00 10 26 30 06 06 09 30 01 00 0C 30 00 00 00 00 00 00 00 00 00 00 00 00 00 00 00 00 00 00 00 00 00 00 00 00 00 00 00 00 00 00 00 00 00 00 00 00 00 00 00 00 00 00 00 00 00 00 00 00 00 00 00 00 00 00 00 00 00 00 00 00 00 00 00 00 00 00 00 00 00 00 00 00 00 00 00 00 00 00 00 00 00
0A 4D 55 4C 54 07 00 64 11 05 15 00 00 00 00 00
0A 4D 55 4C 54 07 00 64 11 05 3B 00 00 00 00 00
0A 4D 55 4C 54 07 00 64 11 05 54 00 00 00 00 00
0A 4D 55 4C 54 07 00 64 11 05 64 00 00 00 00 00
0A 4D 55 4C 54 07 00 64 11 05 64 00 00 00 00 00
10 00 FF 1F 1F 00 57 CD FF 24 24 31 FF 09 04 43 FF 00 00 00 00 00 00 00 00 00 00 00 00 00 00 00 00 00 00 00 00 00 00 00 00 00 00 00 00 00 00 00 00 00 00 00 00 00 00 00 00 00 00 00 00 00 00 00 00 00 00 00 00 00 00 00 00 00 00 00 00 00 00 00 00 00 00 00 00 00 00 00 00 00 00 00 00 00 00 00 00 00
10 00 FF 1F 1F 00 57 CD FF 24 24 31 FF 09 04 43 FF 00 00 00 00 00 00 00 00 00 00 00 00 00 00 00 00 00 00 00 00 00 00 00 00 00 00 00 00 00 00 00 00 00 00 00 00 00 00 00 00 00 00 00 00 00 00 00 00 00 00 00 00 00 00 00 00 00 00 00 00 00 00 00 00 00 00 00 00 00 00 00 00 00 00 00 00 00 00 00 00 00
0A 4D 55 4C 54 07 00 64 11 04 64 00 00 00 00 00
0D 00 00 57 CD FF 24 24 31 FF 09 04 43 FF 00 00 00 00 00 00 00 00 00 00 00 00 00 00 00 00 00 00 00 00 00 00 00 00 00 00 00 00 00 00 00 00 00 00 00 00 00 00 00 00 00 00 00 00 00 00 00 00 00 00 00 00 00 00 00 00 00 00 00 00 00 00 00 00 00 00 00 00 00 00 00 00 00 00 00 00 00 00 00 00 00 00 00 00
0A 4D 55 4C 54 07 00 64 11 03 64 00 00 00 00 00
0A 00 FF 24 24 31 FF 09 04 43 FF 00 00 00 00 00 00 00 00 00 00 00 00 00 00 00 00 00 00 00 00 00 00 00 00 00 00 00 00 00 00 00 00 00 00 00 00 00 00 00 00 00 00 00 00 00 00 00 00 00 00 00 00 00 00 00 00 00 00 00 00 00 00 00 00 00 00 00 00 00 00 00 00 00 00 00 00 00 00 00 00 00 00 00 00 00 00 00
0A 4D 55 4C 54 07 00 64 11 02 64 00 00 00 00 00
07 00 31 FF 09 04 43 FF 00 00 00 00 00 00 00 00 00 00 00 00 00 00 00 00 00 00 00 00 00 00 00 00 00 00 00 00 00 00 00 00 00 00 00 00 00 00 00 00 00 00 00 00 00 00 00 00 00 00 00 00 00 00 00 00 00 00 00 00 00 00 00 00 00 00 00 00 00 00 00 00 00 00 00 00 00 00 00 00 00 00 00 00 00 00 00 00 00 00
0A 4D 55 4C 54 07 00 64 11 02 64 00 00 00 00 00
07 00 31 FF 09 04 43 FF 00 00 00 00 00 00 00 00 00 00 00 00 00 00 00 00 00 00 00 00 00 00 00 00 00 00 00 00 00 00 00 00 00 00 00 00 00 00 00 00 00 00 00 00 00 00 00 00 00 00 00 00 00 00 00 00 00 00 00 00 00 00 00 00 00 00 00 00 00 00 00 00 00 00 00 00 00 00 00 00 00 00 00 00 00 00 00 00 00 00
0F 53 47 4C 53 00 00 64 50 7F 00 00 7F 00 00 32
0A 4D 55 4C 54 07 00 64 11 02 64 00 00 00 00 00
07 00 31 FF 09 04 43 FF 00 00 00 00 00 00 00 00 00 00 00 00 00 00 00 00 00 00 00 00 00 00 00 00 00 00 00 00 00 00 00 00 00 00 00 00 00 00 00 00 00 00 00 00 00 00 00 00 00 00 00 00 00 00 00 00 00 00 00 00 00 00 00 00 00 00 00 00 00 00 00 00 00 00 00 00 00 00 00 00 00 00 00 00 00 00 00 00 00 00
0F 53 47 4C 53 00 00 64 50 7F 00 00 7F 00 00 32
0F 53 47 4C 53 00 00 64 50 00 00 00 00 00 00 32
0F 53 47 4C 53 00 00 64 50 4B 65 7F 4B 65 7F 32
0F 53 47 4C 53 00 00 64 50 7F 7F 7F 7F 7F 7F 32
0F 53 47 4C 53 00 00 64 50 7F 7F 7F 7F 7F 7F 32
0F 53 47 4C 53 00 00 64 50 7F 7F 7F 7F 7F 7F 32
0F 53 47 4C 53 00 00 64 50 7F 7F 7F 7F 7F 7F 32
0F 53 47 4C 53 00 00 64 50 7F 7F 7F 7F 7F 7F 32
0F 53 47 4C 53 00 00 64 50 7F 7F 7F 7F 7F 7F 32
0A 4D 55 4C 54 07 00 64 11 02 64 00 00 00 00 00
07 00 31 FF 09 04 43 FF 00 00 00 00 00 00 00 00 00 00 00 00 00 00 00 00 00 00 00 00 00 00 00 00 00 00 00 00 00 00 00 00 00 00 00 00 00 00 00 00 00 00 00 00 00 00 00 00 00 00 00 00 00 00 00 00 00 00 00 00 00 00 00 00 00 00 00 00 00 00 00 00 00 00 00 00 00 00 00 00 00 00 00 00 00 00 00 00 00 00
0A 4D 55 4C 54 07 00 64 11 02 64 00 00 00 00 00
07 00 FF FF FF 04 43 FF 00 00 00 00 00 00 00 00 00 00 00 00 00 00 00 00 00 00 00 00 00 00 00 00 00 00 00 00 00 00 00 00 00 00 00 00 00 00 00 00 00 00 00 00 00 00 00 00 00 00 00 00 00 00 00 00 00 00 00 00 00 00 00 00 00 00 00 00 00 00 00 00 00 00 00 00 00 00 00 00 00 00 00 00 00 00 00 00 00 00
